image_width: 1288
image_height: 964
camera_name: 16335819
camera_matrix:
  rows: 3
  cols: 3
  data: [2115.926529586176, 0, 646.2217932042983, 0, 2113.745420888423, 457.9829291601168, 0, 0, 1]
distortion_model: plumb_bob
distortion_coefficients:
  rows: 1
  cols: 5
  data: [-2.5277181124312268e-02, 5.0095167034309807e-01, -2.5654788456231823e-04, -2.5183360030935189e-03, 0]
rectification_matrix:
  rows: 3
  cols: 3
  data: [2.8463478232424504e+03, 0, 6.1217517968610127e+02, 0, 2.8414666346582017e+03, 4.9093719595631200e+02, 0, 0, 1]
projection_matrix:
  rows: 3
  cols: 4
  data: [2.8449503835524283e+03, -8.1157683001218018e+01, 6.1329041009587991e+02, 5.6755816290879204e+02, 8.1036836757761890e+01, 2.8404705632605210e+03, 4.9001222085583271e+02, 2.3284317547072934e+01, -3.8237411013525779e-04, 3.3657277710332628e-04, 9.9999987025439796e-01, 2.1184969934657000e-03]